message_length: 10858
public_key_used: (178039840936347434722627722731003117987, 65537)
key_size: 64
block_size: 8

message: 
100309449946112468699683865100566786586
114121698664404604933374795976078232739
27493545827957979457018277005868584809
1039424614782365818475938171187000520
15146381262657674721665039536345281325
15146381262657674721665039536345281325
85751066081992897307930379775056074504
102337961307006769516048118695117772297
102337961307006769516048118695117772297
102337961307006769516048118695117772297
9042520866002497178799279828698019140
173492530940838452906630331025406999991
113850381606085583029600146943240701271
81574352658069236093604503318725067203
77728909546178407760063370729699965453
44554142210580126771106990679482404172
172921067064397658449487558848280381774
51013841647988603742162525069528172330
148396230047458027890347460202503356737
104687387888400975803523970549534573784
151906279878688594525850775746498268639
55787658159981213848604654309974421238
15146381262657674721665039536345281325
15146381262657674721665039536345281325
88256731978143703367842144672060781440
102337961307006769516048118695117772297
102337961307006769516048118695117772297
42068429196666364422331863451135988432
35038626563109840654772049716001415283
173492530940838452906630331025406999991
112332372300756993792835146737240665654
162931916137793765899666627128757232009
17122675767284575631931787229857375325
38988544313633698890571647941074091483
34174398509226677843249243244304569766
170880658878722647605176265882986090343
111049241470969885570136953075299795469
156032056089657737940413713336202621025
162936870850985500988319193909351163239
15146381262657674721665039536345281325
15146381262657674721665039536345281325
15146381262657674721665039536345281325
102337961307006769516048118695117772297
102337961307006769516048118695117772297
102337961307006769516048118695117772297
20669301853273243090621682631735171726
171081752170527618784744541634769467067
173492530940838452906630331025406999991
174959793140872966395477725675977693273
37943168211358347590729096019080844293
83286254587433082198273653453340903534
134248543484798115205871412418911408835
159688548319902000638685097885390715431
102664336010340170880647638947306495826
57262158123846476859702931661876042382
149996726149710031422872827833104643529
55787658159981213848604654309974421238
15146381262657674721665039536345281325
15146381262657674721665039536345281325
85751066081992897307930379775056074504
102337961307006769516048118695117772297
102337961307006769516048118695117772297
102337961307006769516048118695117772297
173492530940838452906630331025406999991
173492530940838452906630331025406999991
42469415387908775759909938908559924828
93666882151898532952974085330652804787
65589740718238508003952791087384650475
140239600396671169774041502197965379572
88252488982336052762528503983938533044
9314782855928582523923849523941860747
40926555791286762118051566170488956252
72615210330409893464587496831865492103
55029668914507242635093162722594372648
136138105250940601250794400454000893708
15146381262657674721665039536345281325
118881155380766675320715720795573918927
75821563414144524471462350947882887799
102337961307006769516048118695117772297
102337961307006769516048118695117772297
67456333701758760752339516088128001884
173492530940838452906630331025406999991
173492530940838452906630331025406999991
7557637952655529379593244589179319085
13021737428215341198277577032144257792
89735023902929545495289726264480725373
114395277257600935976296327468729675342
115664184606985669051828513992446877174
68848836077412859494672169250869567437
117972924579522411737793774479325504951
136579903121171521254694290717858149445
170754872633159502983679461396505956111
15146381262657674721665039536345281325
24403671340612299372398264868684432730
68964137406916340837822362732448999880
149449118837435484800717485216087568792
102337961307006769516048118695117772297
35017730507233330344213568944673035985
146230828621199706222186217562849415400
74035540997162443865449493520364598562
173492530940838452906630331025406999991
78882240414038602065410932008540869638
51603244309348835079631036980672164973
98107758153521128492631806041978124922
103807866761766780683065018776899908757
100839768033815037431478096359492247952
139792590004634454105539780573548120828
74009820664903294074507817839240491488
15307882862244045372624347823887200432
128505768413649187149293650422856939266
142847975127943220243444808359040574569
90567587684063346607415925409813918953
125782308070150850580743669523978948004
100990522777491200092052743204176475364
102337961307006769516048118695117772297
119480738634645358925698604651105219936
173492530940838452906630331025406999991
173492530940838452906630331025406999991
158477396465575764582807372135210994415
165905851261922870583977851016323844621
63037047653263752442845345499442133288
148770876985499580423503313058047146179
160591845379730211293939670263300485355
24957931143906781997291615730984061708
51278034359299203092372287431518153153
2514876423900953278828970879198177237
59459444021780768560374972823105618485
78396466278654821347338878828023060821
86046560067463225984631741959118194246
55451687694241721063587362174129339281
175855595675490616903750980161771540388
172052342556154671522504660644675698353
102337961307006769516048118695117772297
88481547952390451619323589001224426939
88481547952390451619323589001224426939
173492530940838452906630331025406999991
108913405650971924022583524067342883677
141256316351629527567390402605673145569
70215036710894348681534836983243778797
103339924915956697482771540624150618727
163385598999329745787770695854291133713
73884356764508160292356024802957429531
22510099875021562881681776377611765365
43322460077075984447714822231731720112
161072478927982000830802580120320712258
124640935682240520252676895881925861004
87377335213799707012177640246486106786
55422877496199865513846955931982609342
65570451169897345064375387636510727647
175506558439997410662788807790182399398
55539236819509119157865021880968557121
173492530940838452906630331025406999991
173492530940838452906630331025406999991
173492530940838452906630331025406999991
139994073919599830382729158388700012548
77162304715561131604014304403723145279
139583738271483045642566840153605587274
88728432856099691065941072380259424652
122702964148202758033687555167998207301
114247990636116521945662011469375509192
20531801935689128808803785653251797809
43066681886627208379402585990552815397
160110374022762534482779169793535990757
55594883226981184349287808298795740702
7253040047630593766360260907386838536
135748311888235817487051721108578459541
9538893737813303260215607407103604084
102337961307006769516048118695117772297
1843379687115015507484614948061041774
171798189037761447971441568585072925609
173492530940838452906630331025406999991
129786686401334020498391741751715865692
71466162128442521350319057541276517771
52043429924547830085356950711079682754
22700854207582217941703542140158745868
63064230556369195095060183223259876543
119670016402284767848424867417727619303
98115674909665697307877697734812389498
161415408348529965913445622846299102645
1039424614782365818475938171187000520
73002480346155755838819213506077389035
15251919610299214329275475310240768766
23994523397386318506810660756473609692
93101056389452754823560371433104580311
158878382296943381587231600507570685373
102337961307006769516048118695117772297
105791130554662963222232202397229993954
74035540997162443865449493520364598562
173492530940838452906630331025406999991
125397852286975145449290322502181165749
70270155684662823149025618679808729809
119913187563208934840046237143217138857
81688266518334441422550725173320140514
6831910466623467326870831452672257984
113203457102112342877661176403282604932
57377788308142070956759904204536175008
126106488015140654319839664057226297081
128505768413649187149293650422856939266
115594757498390156579042500235956075619
130734026057678540730878752115762003816
142470431021968650534469467813264568871
2585804003245476186544402877600322756
101373704198368344570653920695893139585
114534898826154070682396187470033683403
72981949466724177286090099021332694299
173492530940838452906630331025406999991
42469415387908775759909938908559924828
157811564476613839755659681983096359076
113989639966222198663630441240591960392
65140427735326717023485483344287512690
136698036946929811416093313741589316464
98225378358951407002930451637937306689
98181557118777947165306903743892983658
117607650299711379834769007756141347056
164192775637351578814937778182434351910
137542767462909218962522729578139300293
153746009933300686982279665993380727376
37341969207136654043342259681949326260
45027164179010227534116034744763793421
95338516858373736179252604222405334082
73525553189373275711316936583567841324
62809670995521083677409823957192808538
88481547952390451619323589001224426939
173492530940838452906630331025406999991
50411735294231762473604752894706324571
85678496224613774009941277309918874793
89936548740672545137593055850353934710
61065300683894278855076827502186159210
176873461367981375245180640637291172505
6936241053764060806174869433102846861
74991959035155766912361152702088362061
158307828397490991241595404600707405711
161072478927982000830802580120320712258
621862008515299738312359801777785353
68267212693248076048426392326442087631
89620970439909313303387946132556519812
80024095661769257938345447594282766461
77973687481172101103933113917462080964
106414679070627692479944246425397075931
81728362356376201966139876011743113227
155626642401217065602645057644848116885
173492530940838452906630331025406999991
4696899173497270257686943609108768996
45415267223368911142983197402008464
65865537138549874907793410701579231623
124787186290400255933703832873954886368
90886818823620090611341101576150628707
113203457102112342877661176403282604932
30023039353452053175352464731407933293
158249496350281031600472183237796156592
118082165523746897031939782978251996276
112792516897072941636062599649203511062
11539844967301443887549084602795351096
59910040186420881826651865964379776676
25823655077397463742632933832517689909
108414722213683729702423473042799574735
162272892510271374125690527219345229736
174069188692778464666805124708848262062
173492530940838452906630331025406999991
158477396465575764582807372135210994415
123956136850017092777453791903209249015
91264772666824725159467756095806276507
84801720665552422869516337718854523280
72698775805986657764886988837448560808
164904996804220518935942304887223888703
147982268852151074417928604917571675934
124876121747833850839622327237879739366
59459444021780768560374972823105618485
108086533135929553667014770995105164806
40096190426558884354069126221971996029
26881831171775357604613012243600450800
171646493429032297550942939546645744371
115658283984507487414977452006151109730
61850424427853173804725051733044032632
16177312451092439284515015062297440616
173492530940838452906630331025406999991
173492530940838452906630331025406999991
108813450439079997335977378782024048931
32736049900963368778119747905894599838
175855595675490616903750980161771540388
168921697656106418326372373458797258275
135322492583576303264126921192166566788
145110391668917381639926850053454399814
6307191529513613096632219492280334284
135569711017715112106017087849348134220
26758302724743469786473386307164796595
62634341803528367793433214384194739569
166227122921875149892354005241426110663
142657373193140675425360563528414527572
176298256776676626428432435589207071269
156250214151118199793867073046495116066
49315500065999905995047738616460010265
173492530940838452906630331025406999991
173492530940838452906630331025406999991
173492530940838452906630331025406999991
76341208700208265480644641414961243886
161174509105976894723404616047835895555
42005160437275885080225001769643107092
102632266971212628195691234298349708938
138654639011476117824381976849915124196
144888536149251031039434502121004325738
118990064351454832504695806035333581111
169971132209860342450300661413767060626
120951340249284472178700910835342184765
170062955769176750345762476351934376433
85659257370821338237848916757424335029
138036249315849742606772104913846483743
2633524446561897519459773241456849895
89763894129551684717343212348953908526
148947770209501237288410379461701336206
173492530940838452906630331025406999991
173492530940838452906630331025406999991
8917621785655746223208751695845912033
14264062313352175792518398208256625762
97099607152265719840564016712005822829
110883145352307907861041022019032355184
152582999320618060774134345445624389257
34002220901748277920246437830800233112
6356661877949584091659849157666779845
88708385997365903399870222070519938344
161072478927982000830802580120320712258
40365192824657959506285721314952126242
38657930843627046378755256115238010801
123004495030778026735562346840692162275
95189834058255767660274366491552627664
130970360234142882613410915867266351169
73811833415069539821954113463082667182
16177312451092439284515015062297440616
173492530940838452906630331025406999991
173492530940838452906630331025406999991
122694586828987683845321240392320116781
117366146247269162574506412498862726982
177128146638382700266179643733789072646
152582999320618060774134345445624389257
107048544422591644382573567896694790502
124503288687510969600465616085097817400
105238324781901505875737352609728398209
114481048797659365101766144961043025017
175546669946916542926361517622468735843
99160315049336234646407561228189163665
4627037761978944085658974343333792072
40315246892062081306223554158139175031
24066008358749446441608709612761947343
11103948275084816347196536457419461969
134586697348355781487780669156901898449
35038626563109840654772049716001415283
173492530940838452906630331025406999991
48485877575782700927953889051049286260
147788062755553757010010453921622875112
110883145352307907861041022019032355184
152582999320618060774134345445624389257
96253642851743597149390790888271658584
64798496603208944742420361254048344108
118343262112077546864119936508253268474
97520172359257115396606797326036040802
146656588469889233024634307382700947566
155836724596536565921745050527330581839
20213158563456530090655882648400453035
164973273825038936223585943670330925628
155616113248786438851652678777449257833
112850330974746242681751851395557110969
171485067310947705046867070432674972420
119480738634645358925698604651105219936
173492530940838452906630331025406999991
173492530940838452906630331025406999991
93677048092848971688601441332438109574
162348143434594913259582765377845974836
109946706266193963608098828902067278172
86346635321653369532129327621696968614
137529600090467971542143161896016490877
56162818113474626584617619320647635557
138763390328499904884482886427805302948
168379741353408431154673069408649891682
154071334903495654840789168661477886589
107432804376453697386240429600805515758
45202033383296905649121127333040632494
103914528753415500140381894676242206568
112427563956313709105989750658873511008
121814324965527979244281172329095683440
139529016845642382164491449487132337782
62931050078729407666173339459339111709
173492530940838452906630331025406999991
173492530940838452906630331025406999991
74261322804370694887603908511496321543
111815522519538602410770372851918732176
105017652925662465382518216539403998392
177128146638382700266179643733789072646
37667165168571047540765743283681087061
39955718641935192877050673162162910014
136422592225878381977569959477080521770
120789347210884934953658034861679311131
136138105250940601250794400454000893708
166099546888690113188789894845985378362
176800179601377704086992678273940381561
133994640940292898302404451132242462234
120049856898790611459174214280271807236
161100446476447336888105911170695907552
108306841080171099346825712765421969312
171798189037761447971441568585072925609
173492530940838452906630331025406999991
92662336189125297983160391513014393919
14922815150721397065982860625993148662
82533269352238382716452055708769308317
156443383727143738033878145774285468905
114677061090405189588875924466470989096
10301586391961151030778233706765130367
6356661877949584091659849157666779845
33639317141153275163339246187687295072
161072478927982000830802580120320712258
163350799614194926411652265292488369955
71320640090557176252151646510376790125
7115256319307886389373649726279023856
4652859952484293375587833949825190248
138703989352111928411656408433648766899
9627456738563351327360565703135399041
54924612531194976023200743417772786909
171081752170527618784744541634769467067
173492530940838452906630331025406999991
23969793076928550396870456800868104226
6865562934495739174329511529274161501
134966570665338225736431243421437144327
132448934685345013271720012066364213208
118733045004730331072259758859802785830
18871874412926904055660871798462932642
128306544757844978152169991185383859498
119673882971264929465681059529739505135
154071334903495654840789168661477886589
100068139966326633254698489881926160136
21742057698909824302666643421774881541
15539457874991498252821344057419071705
111603000589523811823502698278968539178
135293999156851772342147269267887664493
84067700485507813966306275432553739547
35877248895915467969641827542255703216
173492530940838452906630331025406999991
171798189037761447971441568585072925609
12942015599888363543307918439877200187
127514973202530167764449906305782736521
166341968768515034791548938829673943491
177128146638382700266179643733789072646
162283991510311800625136164857034696742
86089164546947502635677137823660286154
27988293592274004938030864810012973736
39209153140577239326523820239156913381
15146381262657674721665039536345281325
87596658544414434657825482856715393720
91765857727513464000718951367731484414
164036691933157874186137681273134981337
5432761402971946656393008317849305627
25060457693142082141555279377854366180
141232132039073802737224916775921507519
27265536448696805729121945507287931869
126565846642407854083071548466038609852
71887887583671812357796412380260453137
152513498036973744530490577908330141982
89740317242086287799095561104522440641
132518577952076797319148771487786721715
49294862586665938948527260863839840177
151625659762558920538140853720996321300
74673507396556705091505817016707488984
119244147651025616183546234775271542197
55787658159981213848604654309974421238
15146381262657674721665039536345281325
75711964152671613382233503581241197309
12704787989923025993104673868454285012
6229988193496140583983386803970241976
83129490900490322084371978548041471079
1701743407627732202191036043833559814
170064319160693445779199753584531147896
58796977470735961939027024812424087805
147017104493097221187141078394742714335
23511381628673255847908382976450026465
47901306431859807770188762766578621771
131694475601031530352216926250378317177
177128146638382700266179643733789072646
125276576712352848300099039581512413020
106973009045795015078397826511419327794
32509778711737566438167943455648459088
80134152888296332277070140111195812983
15146381262657674721665039536345281325
160819536049416577680385126581835522501
75841372708660148734705425736266438916
35983592971096014375833205060186883913
139049941901746502009654107833969828625
91246740005863548340436991502689686344
102337961307006769516048118695117772297
1843379687115015507484614948061041774
3852807220374372836313325152756399638
148669326710389289674096549752405857508
132007914945344202837378927953916327009
4413921432807013073342722095094152583
130319938473272910047079824782680159159
59691446411197765733942886588586318055
138676525946785725598756251360066318754
98813654743716081319046391209252824472
158837019560482361933672367824619381292
161072478927982000830802580120320712258
15146381262657674721665039536345281325
65108828202337145130446817295533276174
173528567510017539637337717777433428698
24213983354083700992250101831405801725
1428811376767221847530957436589562955
155152541998897772890675115173944675923
102337961307006769516048118695117772297
44754535508745316733470874919184487478
159474851972315139146346281998027064216
130827122108192215309525373010780272823
152513498036973744530490577908330141982
103859497931933379202426761461622173318
176909314443158369497488941107307088894
30821621337239683614549744441647179955
116413234962124422731078960420887359796
13496078167306188606993074597623463976
82412876916985364191180592110603199911
136138105250940601250794400454000893708
15146381262657674721665039536345281325
35290807840017346253556370953812985024
34983087827721881437094316418408556321
98658056728377622750024372655150837809
157615141229377040621133133649642562175
35453615437287079889436938768211545046
146230828621199706222186217562849415400
49677015759736048143711797864404638119
85945302834186949363883464476481406639
64988952180054287271063930755452195880
62392860889856694258536530076610336608
3649134862041309953861871132369281131
177128146638382700266179643733789072646
154844034140149334470421004642803178515
175349321434823365835277236485033505331
113324022788422586500363100024424227633
26473581999960006794755055923461480571
15146381262657674721665039536345281325
92470614456391568953865125371665027451
133207503248919929874689794171692011061
47676026748332614541288088068567939841
40252662220267574576850434750288594355
121397069181400725681878080715708422507
57704538687895503489885055347544372049
129983787218032884366387576521581724323
115073159703106109828498128974149772082
95169652887590521598338358746992434843
2048894434679138949270347996213272318
20996725178897769106311668757321917038
117311536803360568229292288306394363699
146085274660669793608008844823454959166
78376516441860170595363467240415032814
95891776261332613020685079160622852777
161616321110078854142004249243937696655
154071334903495654840789168661477886589
15146381262657674721665039536345281325
106934519145552814982700861793688284737
142910399873857935002733429298136917297
43994053802485748660281567757125847960
108672316799489501666112320396218641413
66139233031496707160037961134312729680
73944108355729019017691840723957772627
97096131082434816457960918774453120929
33281705194001057910104911983473134503
170088334516250872403459064948916295055
143591054642890471574875980240586712426
159778713471360305931400158131037794729
65627072254558881505750164895882988000
89653127005925741281377029444576478771
11821510192247276805564899175313052080
69516533957212790199305106586975904643
118324971771505597961744451227658181849
15146381262657674721665039536345281325
15146381262657674721665039536345281325
120030411570451202237037577933293771020
32868131618255965737785510386710051345
91898740227899706087914440506864687766
56877622485061682954965209580214926614
34218761635263469174158775680873537148
143151854420069299662310994294164309586
72586786863593986796623859652326216969
69131883754380807353267676240566543343
62713111927833064301633106734226773903
20996725178897769106311668757321917038
37295524673015478719431337306255144489
161069893618948994449715983865975310812
123049672408922273196863221897855005666
57438322823343448866665605702170135257
110758987888834089299984830432095289465
151550481732825852805197100551276209313
15146381262657674721665039536345281325
15146381262657674721665039536345281325
151122747876747329325869469791447112314
160538640630657725803745481724900802252
70183373633603119042587981187649527998
150983093274020280597415232108793865218
30330316644938156771192222715356369735
112621102091376321467874167621735323457
150171949059183088982843374114125311973
60677500860958925929358194754313503477
44554142210580126771106990679482404172
20091533838547271242134668916329380287
72782606620398912724230029846764459440
44721947195215615245867644707262374543
22570423742533948221104184161905221837
176100273395862292175269805737522449807
140025079817912252401243115590570951118
15146381262657674721665039536345281325
15146381262657674721665039536345281325
99008478757283522076913301686389575392
34924176656048883219177860561542810004
132534600910400884409989989668140645759
56111410397295265662893420986702294083
157838116157135924780063053509562402181
113095515791868466884610911877305059299
140743243185736390658182540967265019780
143205591692457707253481479845727363945
52164943169502369968807467261805453023
134966570665338225736431243421437144327
134966570665338225736431243421437144327
9941127406343908170629619403530953720
143711522703836071829225357000282148156
33804654440203412188125141551807952375
12775916809067947067515665068665342325
85867878860118983140376916139287716331
15146381262657674721665039536345281325
35286230121441865272577635675222213912
148885460853412872605062919879223504785
142728502065541759814170847003314980496
149227732366939952696885984904140105503
56135361433505561807764075472629635895
59421778865682241915887811174047732946
43200381151196599190103262125857062384
28365223595872550207232651367474629925
114725867014077302679099751829750715583
125947185303040716151708383028157166663
22109792967903338002878559446717733149
110883145352307907861041022019032355184
51960172567529243427281513656993179288
166701333147453374163484820475389094006
136996320521099807376409588371993597380
174163699178540677697667167945808111742
154071334903495654840789168661477886589
115073424076807929700835246357116264124
154008859023494364722608613956514926217
64858681177235100474319156506795862242
168438721123033047766438450094095328253
124727378361411566055932442406458915090
43581271115340408098218080772871857972
161426588356596039998260243065041409205
14940416708389287114287145899450247326
26510326818292673833925330850749251609
147720804046347840394688786669894510322
37943168211358347590729096019080844293
19889191259193093740626135355097556340
110883145352307907861041022019032355184
135322492583576303264126921192166566788
144206496743601371451304473173939222614
118406791448324722324499220135828010716
137860904607400711865072814518392908285
15146381262657674721665039536345281325
74868227656472644973139573126129011361
68292223842286740031679291330049390539
112451682858375045530298520823998046267
77255179186256907582486712888044938347
136754096633750175146571133354796991258
24784058044015169416203724192925512669
79776337666730606876955779348096214892
124773007165026086963963289444209166200
159142651724890443103169977181442075964
124006393366774966081263473861387585774
47901306431859807770188762766578621771
40636233431916336252157795500449095715
135322492583576303264126921192166566788
129048738734449586048072494000358423557
169565560026997217817548152216868004113
67528790903615367270238313923088469520
101720719857551326046087998653091243395
110677552374561515194274137056277494814
2111447098735259598325908635299679102
172149812505782590019490769684995653343
157105953665138738641561137456421659558
129092159575227177572727208202689926527
129970798523849389054453726707241635548
26895341489699494414632178093836529031
108174726724251797688667669493693254415
174369797668176015110802381090494908550
171554017333062160616919063126680309670
127530955128022468382879004075311324151
105779906908303549652449593195172808548
122220565344551134169151004412908558002
79043634109065019840102183676131782543
45340322990638336493697454749258823434
12792234501610898991071989460470074031
170595393331188869802795843237893212738
151768789280629880183753116238639202475
37534038825180557496805309406710556957
75762945816382190127610431246013144616
76903739758947594506184779661041190472
54583478476309441228879678313095558065
54037390957596979251940605749280276174
1001828313896079806204326101370320393
168451805231340510240520826470213947219
138659753552904372044964730092053679967
105361652283026675782328151146221361782
84730410539533578255940739633003496585
110719426049528896299679607476034965904
114711728796471901743951662924818402451
175576451914352319200877485055740088460
8917273478912152574875651041887933831
164632314504223099161834363328508418920
84913488985381025862148981951801113722
121452216185362204904302789273541284492
142910399873857935002733429298136917297
122941444482905713955225753581240453697
114890548615020381345129567723542501927
20745758036501632498638233810419737577
144007497566942051453202592083117512340
64934079680301890530513553597897637859
114868233886184691608901245388152429855
45007133421522461415093058364791949619
107666880151898919704739736790542388450
153571489765163025881914579775892841697
68233220472913303830375920632031312078
28448840604194084025057037950273636162
128103225617906955637101069115339264703
73348537956464559878133663202193310829
120037084291804124421801063892375918345
137312412519492816857198465849601185092
75127894070638156178699641885126578904
48513446922878695832016669466804933071
134789345623096154210518862909019704941
168458074453317452740063575485131159110
136087519397490253867611974184804742688
129989609225048591972018604590931525990
149957111157660804127161654054650388764
2166609851886699627113654232556073480
164762662278919690736994196464222110204
112316543522572180129411314078497930871
85163972146041466497885643774354241539
78898217192174688265075041946165072421
173878281598352285243146064831734158180
49096407954286008823825807195145726372
115085813292058524072513000062124827880
109766450327068455207730134131088494052
99102785063722094718107150931648881455
89883434592784721463575371305412379613
34934753242761018713534058196343311382
129092159575227177572727208202689926527
170067510065284934852119484048911987932
16805503829611608623372799649113290981
156254460357651346686920494996599150255
159274319143553520640119496318561492227
170090420983284374865162626033354653640
12741140237918568647806947401258111115
108760464057583560046289152064443192646
1182408127106577127491790750971739071
154859293299276652056244047050895406787
115642461543783329321687637197333411920
119883790515608412403321440639426728096
114711728796471901743951662924818402451
93770856687529570167839251189358979022
94318306601103094976954779489736326129
170687466897719748421675066493241120474
165231487588856797848922627371604355684
142910399873857935002733429298136917297
158153232174167002837339036982125586754
35460954981119415341436367907834603992
92195450484902453864648681210178656330
156254460357651346686920494996599150255
131331502258668012363061913977840900048
73046788282119102134006143492297949635
26229935066931100971170217751417144691
39858994932134163351530106699296543268
47924276424314074982574863060586964961
141525905396153047481893020407684190609
15694375119529601850949193938962241395
49096407954286008823825807195145726372
35854576339438909887326839761020676191
134121543638196942430397244099952313905
70194210961787255594639517300560866988
56467514307350991982254555229348418143
24039614472008790666191171893740028952
173148274365028930705350142015462987665
53923849233742553676417792132840223465
22115549576132158034329310623111621189
144092239286876745352213667807624866094
69973255026124852132796579105473880121
97061096216481887423180234465170800443
30516440221196805950734626642704501800
79988611986204577061194609774459077003
80084991223119228694649828749633578371
70602455512056703724110969951881309067
150984122135226819577946388404613490619
19444579528907456208270291995411352742
166169431293063230533226602712511975669
108596140736408786742783766789090296998
82953179185817563892178442252581892774
132548717344912689351038916784906517708
74483166616497063005077127682990605942
35216555438318817401171967894295191414
38115485384701467785939691617223821555
61714556810076744964137821694809362059
159578477400735318510233594411200472090
59037796437290754221277019392463283541
49976045763955796187163566877930504190
69938555607314396248603497819399003761
22069478143666953945704808114131092674
111712772387398693250972384254337142957
88812185675395003172697712169864467639
145389051019907618715670847707329599253
29262211638450287634199736805325460877
54937811179398839205689500994042154108
66972692180101396147158664524024322030
76631317531351938519363271368723586865
107904906703355013115729867513716128813
21367672530262862004978121956935447243
144582955276215270536542701404590393571
12930466860863276459378509885416274908
171402856784764668601056831737241951718
141507883131365069344271627682451971935
121870036043370210128420820312348274897
71983999767222978566946896668210834176
36360168406446886892343288685137346925
65375741896542931729272488609002886745
67905711773389204214212825665301560534
146926913275693040836638707090697400594
68308444028154379792554125981754351543
60126787152043558659508028708666271161
172220657609572666985318179698488973475
153790048874451937974630129838465629334
125802935157043098262697277798030477872
13760481411870312166875049064823030463
59988895279492416172806060697577942040
94197924435477873065696755159160992063
169679494191735275855458889103717592136
174805918209700908626101029250441212891
118601009267287810949563978874360768385
72105472547513389991989464889695301578
79247760796868316633987408704598271147
137070263466905349450969037508682374663
132436975537981015956511588751313845901
1396570758634116859357893259061060482
117439107390833511330110595738384796215
16421014180848187413093573526968252065
137328137089392552807090539776123171347
81206110967302548602133760497035945030
70875382479138457044645896920473093744
67589410865470556011730730767732289259
44640849555230116712629563487137394112
6360813813720381418968205759225853647
131823260684761889877143821602306414525
154973998947685876662531086982616988490
51063050272436213090878231797098004873
139083332922752684292875001358341100488
130407357280064219713666772621969278274
124456790420588919157439360587207047699
86114666562609323358679261636299841787
163934933026097510454591186817761920165
62411372026185629485983597620264489099
115423352145708937174965849034774265612
33225882691510134288613720472412329867
145331229017891150761020860773264436531
261894036314504077201028670986262624
4443461857990207112115376426332304303
128907078398614552996136211712118608809
168806907949853143316962302312309822055
107812508635574267203875175847728134040
14136477054280660892801934429390601576
152693817944889691733975388546471044128
161072478927982000830802580120320712258
102162782750407502439322362745499716028
61241879329488826358808452868087742686
35175569545832105398424684777721954155
59887078431052328668736678297424203443
121570536117358014140728392006426159422
90972913857127549665850437619573532626
26700703398081998576502170887401247084
107854724450787228900844445664949132764
62228276090612659477725139934355796455
90182997496076244876187814166696342593
100132699564748362033582909595878844818
33552531500689389421409048583099816102
87147703723870683566888538123751599173
52711925933513563691539168612992402371
70941025741568321842022436257027283527
123436699468616945567960166767554138622
128797555133088958464168018908180461014
64408515713888688256542847092611552090
166466536944769726711372769318041280467
78286145941115068259351988113466262535
12625735446690075523231614134632957657
80402947719467958678223910465694995761
160050874682859057741444633274324273863
2661797672213069772724043097088141243
92107814350106033817184947391727008577
86956935698051615738091753759583386057
5545485584938001491564902965585947
68214916391580337624416241560597542809
40126993405506663691134423544127395241
95651072890190073123998583051358412736
100160095205622123149212367025211998297
150964660982154771049597381543239822506
173765508640519603738256277769092356376
100753521504488304061785454740154908914
140721687698621712937144299093348110236
159360357972928160569382572873605691116
70418981540772470778772967829802491469
37444550491963577601862181676515497778
13153834198291123617204094282493574023
84811756835049658097483141493092721687
163230441603045512504562616274584450516
123495922241094857305623449372574594567
68069953476248250537793622481202457382
150795871324171911397879980674138203469
84579455895235302758273397834353474068
27377222151100866613231730991741092707
34967417479836798665028379459485847741
177692141424306431902941168345846694769
83322457137233926094118090557597951311
97585714442438869993513565862719588887
8189430820793719426204253953396157255
92036901431769008264913298026374637332
170678700622622812595770117370885116260
13527769187697170829875417635611677855
177216758154461042967943191883554675721
20860514187242299115289896096970842823
138204648921942853642873805599804409218
129098329500174236916444725512281404813
104857958255647843979846772595022518098
47410542741565265423408734980046161636
108069386271533379440093923343376924420
169224506634231255451871663876798749113
105316087963230334906487511125206598779
109706963928263132919661330802760486102
120997489492271313968699386730779365910
66432568280985783715012144808200365119
130586102505734558280591459201259441511
15547012193506083342957271241308909558
130298415775105745632746300399238135105
6799540482152695650271758466902125522
4872789100170649269095646387586464795
177917371039096359453257005732321152094
46515843689221124767644487777938858513
10447603470451929553058668858903942715
59575850836461431888040955110196906740
16666989346751468772422324072097829648
19313002587126994204658470035746457534
21742057698909824302666643421774881541
162461166151775919285205978847733552740
20393210515219190083299595941631179288
63555371369397758708746053147157261637
88314565837673311425315456480157517980
27715315692904610301802605460647740475
8505447434182557296486956532203128204
143661169754537985147445539608391324789
78993890828664382565672756487731232237
92059074690388618334052271560071169354
83130399773858599239406247413013873883
107745039961684997235330259773627716879
125301492800119780299921405362625843521
97401271756393528112468570751057626732
14955473358121945825678780810778018939
80746717347901685651437564108103388088
153993359250939867848077410012800638863
152882674079507879791828361744680773863
45792136124713125421078227896201762350
18685867261415938798993260176763817689
169649611770133106494709543251691501665
4754445082748226253646913515952559032
26321826867444288779771637645469261725
92850250287101092359482778058515746095
104915057181844450584286299049123423477
68614268159676282794178258721810399154
8581781594563813410847661009487272709
107215885121091539486074065308232314731
4156783722100409513182644500487938317
15445921018456749132646148509851484875
35112414674854721443576329301549271916
130793518362382735992024912268026172312
38816821524949055820910195645288873736
127534208795987946151894892570136827999
114653714353027908121123797354646169179
15120920573973843090442639885710104780
97211514724246950666758881719738444979
141634863085626021798051343514266688176
141251545846434108820472211465120110972
169097882329876956717948715865775251517
36592247132754496513944789372164428518
30361295863547994822080693870255242437
156443383727143738033878145774285468905
4777480249034878028261086237728018600
164650445012060501951768387276096475828
169228406775379543430887931995232112064
171946077241149410675440163719996795485
10877772188057866851152320818536909312
66423196742406070855222424438667133519
137354327698191810931144433901532488256
112238211859827685729900445108215422001
17183148359073685671097677294954101372
104611504614013260126294320968199617772
2918050389194813270050084208710567620
53774442319380127290397587563764790835
121652764896643061227784681672598612301
156575323540495713422884938760214914520
106183448436336241739242524946691343137
32215633967906492927490385085388241827
107039296145779525893876735821870413579
107393363004510243365748671634649494549
6781905443725130114753322810048216911
125632838039643426609865055989097368161
12062705172760319556255925903802742542
12224501535511110089784312937469170923
15534531778053209349972671540578635086
127251449823745235805940272901974572607
35559970362319321403355536578664238451
60496466862525498414090662796182752959
159960118897621106246789428138599923088
134291561682709751733091138111406464697
141866641767330862545045766872155469284
110118739305008800685378918022184853792
111628696193785499570930350618421567455
45941457129985203493289283711814142110
105606685760534004133340265447512521896
69626671417913733966320726575160001056
134879920982641928612671194784048508164
158748364206688868929496251167295158188
146458178273890368471092561613919769551
33454048375261690582019944283248317756
74100563860018346609352952313661668763
156180185699110715034496378331270034390
68981643764961504628533528509376895065
76084669155083910731011348855383245700
101079803185692229966364708034542167680
70602469575039812593919029824032934689
134133947329184130239376069028819798256
56995171993611579009558271278173767684
5823073917529840790242338506677826799
151277779164454106486157576452803068462
102053229516400802314613922662994515454
2745420983642600674261158317310896313
140141062193060367071085570181726402761
118531642520955595733150055085780319230
97231575580037357775547501598652373956
92363764714861224711651665330505100184
31486788587581311742222808668679809392
152710224543301851346370134208151773930
162352885445124255385719792769015956071
49609547424371799562727274562232259976
32839062175008923760851888888098489978
26422127930180528442260852717460120202
169386858304109176448129842305064724779
59255615090185123547594396702756134181
118057309370503293349715387834322671572
147433919645854649619013020095132473878
10347101054989106214506054587285974028
18947943171913547386959215311413319810
59670045445025067236318553899703489116
89276165487138688257752555902000572806
29681538787318191641810184340718242308
110911505743182308575954348293006860230
100574697318269886114056316247324334615
114624401209757022246405907789304284736
60449980927533492906404144647118791070
173778649598154629616486039444071881444
120283557927605138406362358039270880144
93781713443163222605500276033051598583
171560033346962371013261101348946643640
123833105771573648481030189606732329052
35833377465684511239272165376635413218
35102711755594395995184380593442612603
73585613173915920382185938474248234387
118554957288056208514020153564462726399
103292877392012860928509867731968447344
146384735304855611065400993625335689171
155343167225657313680127343568194040413
112984847897651566284460943188205728765
97291262781942593502377861787917145497
162325974194364156261878828660049338488
97019183731605130276889115238763266264
50746934305418411627495257462211308048
115225085395813165849466510487322997964
77772703769520641356475937066887472358
78112030249421597008755889609834805851
55892638831671765881253068097632475138
96191874592197004460417070510959606175
153530788830790922103660433983010052185
47428228315056154233410869174308611629
15275888264243107510390046665478862377
160857892499735407079058865894490177263
79880576135603085401899488933262841373
15187359539919952476733873871528937406
93171278339958777107978535815080298219
85021772720711094584108828662041269629
154906182386324630140642390120284559897
2135110674318837554915333776572946946
146519736221999236796304517811730049022
93288613231601150773850292390407970753
138293433464914450443664650528679851983
175018582926089626327584471286751081606
136030863049359447729282577118261139867
162737003676247421249650310559164123279
131962416033748267858114641169827356097
142032699743571240958001596674015154282
57392314417020010333380390818385521210
42166243426148418542460917356303873419
81413862031557176537808140405997236394
28723737636529964255636045501688617037
82709649013813493465674399261288590784
35452231847643604323463444806258463332
18018454139993630313249908069931048734
156269391002248354499926457751300025641
16784647220952095227471885652048100271
3155123172929239610695373923850184374
128744333512022983519950707257473600921
52974032032739869945189363260871426606
116343229080568824537189720250511039145
49958636576899124355257462822916741068
155398930386047767704672809552658933804
157968554700819782788982850905613937282
103945995528346407552176395513412175275
7061518212115770002837632661944227396
168006686714857634484736737403633598169
106733323507129307949229373277563280470
52332166392393108319463132683746280129
35918167747159755415902433432781905777
36131796858274691940516889839725349466
2907504250726039139737560560945026362
130932432362462126775883800090105492915
101166231674203390778949582928469513685
106748625180404891530631087181744979694
64296142473413127992744274765778890654
87727915942893437875351009555494778258
108106353952779233816844048515516059428
177832855387961964671461272115249189018
148816977962735653296447917981705658493
85773376758673047901417840409753793729
53181636427599611644180022855486814790
31934935491290889927568798984391553730
4674834381105404499055089407201123841
125032385588880759916815592582134970424
88559847223589652114750489293641528248
164241406341048346263568661309210271741
105535236152434663468026155007447672215
21373756281658784187944658467128009257
48604456356611412950206484676946349827
6622652270544141718507283016520549215
174575935373502733853937544453079253188
124886429349013144108487873765619223762
19020676836462744699020131014334423160
102182390750785790521201540405660909136
15146381262657674721665039536345281325
97174497443897663931687044156757773670
100638914219089384818337595786127669166
51660335869629843830510159992713181044
175547625155706980777146236461241610622
86882538810988776922534062305265355821
42810643424040231072346429161965240819
102081368301836259138197817789591950213
163455697438720739525650193860165564926
6537568069896757915551633938810982566
89762086808736224046381558629279198932
33050788120632658057501998474536794042
11348620491734636145189877195413560185
18486436360378305348680509635890169414
168888667117965965431144045532203940629
123581483875223615711525532637585201112
135458255695968191777463524831509193055
57556538672022520767032966204302230800
118325166382238092809376320265789469046
117403001482326766421892314251237658481
32514457864415542463600598943029096214
7284924920078766106923171923804960846
101242211441374622445121986924993029071
34967099171019057659798271908594223087
135351915231798524222060898659980900784
122974778754879321461886633565708204168
174343303453781373181802450487897038158
94662096621623814988792694810934380364
159875775328108971022878794910937366362
30354852051799368671408167793682059234
55080472317799048115959770560081318314
77472853061539373864405654203952652483
104609783367542651403134265394200842739
156667770620960307821306339972031800769
120374075445585190319251934996084103904
42556608017236014552826986293089074459
35127615266310926093570318789305232519
28148876009902550705807519520294596586
6277086733911603757419027146641137727
108363421424326931511869800145194753384
254025168779517921050143103918456857
76380144279417219561574412322266669053
61128388163704695303357551033183033712
20104136272597234098116619286028852024
177407258537263590059404845652109271258
86506047010496090590545312598485414583
69626671417913733966320726575160001056
132415673647301179180838831224988339885
46710141251561437258816930690231132863
157007097946482332383899533465478144689
143230932070134000795018090972241579324
71302486778623994463366260112649054887
147695346701346750992186233901985758796
154071334903495654840789168661477886589
35921070761127460521877104717528851792
121658950839449825751663582727406193881
67667246574117770465512460397072097330
33733619128981967152753357722248118275
129946115171753876224776652279002240060
168305477747897100627465995386954942672
13747431180787442794284544641924327839
45037395347838297261754228367617677300
156099986910878144264770010176844597548
120584437919702118228123806692149201653
111015137520852916722336516580472607099
69988004000964181818611014397492706654
66906605833998178343111036974775729033
139475001249617599705280706929918224797
101583389165759333612093355928067618819
55051913009790794170513310698980774034
32788169658597346395426446333796651055
55091678506520622366037886684328967511
12268418426237038697293326592897038414
176788333312001907783773383770926624133
66546771259727355013422005134324780067
145273164854095908464809146744577250480
122450917340897475683342804256373195940
153937387676443477634140457096488906862
78711206826341839798284170868691507165
153318050033046839556715600163819179307
100020806994555889105735118733847534081
128229756224519269906508891238604684510
22345110864919353428557512172095404149
2719118460410181910952607543131595629
118277078060564792711077651309232876779
114896483587063962557470263843652184182
129547241397742419088646883564681292085
91401894636347700353815264763478613061
109105783095357122597166749820351671165
97355601013958783138361696355705781294
77629662037863749612986547108768983774
41383197848208576982580457743220915462
41163454180462364551551566831977834537
9036434710356872621922255054144283094
87764110794349242438715573500002553024
172373735853074183325677707719079071625
142951045893270568600774606549151662823
158567600356000240226210750629710205197
135452566855324496040330917629768818927
4845157287270226280047384411818053508
557518741226964755632447343007902387
172440498101972819549572742986950740164
94195140226663357113261950192415606788
17122675767284575631931787229857375325
109539720372892632326939258380940570282
17869826107881260112866092274284383560
55787658159981213848604654309974421238
110223012637255764841857740962026216042
155191723707395666169091437456876218045
53728536973123905215948377964585804919
15792176520711787017036813429358158371
15858114696054924928131611779114773466
132304965956505456655272386143045784277
120122375388677791659278549576609900782
143499962915860921641810174220533936937
64345721778107365465794243314476032961
42991163168767046470231741932796960506
104354875144649074042112889616068547835
116672918893894418182546544809940940824
71220051028743138021356810427305364680
90274896835907573826298299908099359486
144156126438647098434814599057670226218
26923141281726824698800941514284717538
31984690211836155271485986606256442569
114251299649815370615970168176706442870
149442039868188902733245632253599131837
30545454019193729664368969551002059678
114118662981240464146738267752459635800
33681242420663695451330975097972825866
154154591836069014176550052191035713653
120122375388677791659278549576609900782
71671543537264059144746432167425762704
130843231569192471246327735836467468042
129409294376757322653762822004336016189
154936292088939069935056843324878091275
56418951405430566850664741994778206333
52791214682694321737152833738321191970
122588436698975495009903847848649898026
29178464356438512496290843976805208096
173648488505676036387915985281454646123
106755270201719902202976295388837889935
48256995188236077705631821165915277253
95948530276026522932069047035453515177
171080132663178380622548215958591365443
4960872398419289133435687803989475862
85735804060862049234489121784240412623
162993469421930001994965566016372853562
104394712197714747334685269157081417887
174465068101023820553389367431770956333
39139288360117635804834277129099031961
111481593877472528630315118448556831526
51189984394987697378841527410417827923
53502548345731698313101401430485541478
84441247429076283192939622040223190507
43531865802542277336889567015559949667
22590545023964750723467512656736646956
49146173433385003781923895447377964366
139539459846043613215406278732480125712
163170978719769863366706114298404648041
105202473986437986674284543346019815222
15028179475401385819176838957884202342
26675824247330165627876954049234553140
126635293985134599497791000789416831102
138899049110410847875027723084347647674
159975909330532077568292674494547667714
163238299596422920085129664911092699411
25226811712084920574237734996907420456
195353398762297409543589583505010231
32898875308703070572484436383430638429
87720998453122664304566348251114217232
139435241855938473554438733960757504178
87252838056662844070629087715532026517
160021382057004509527207779610124038720
84688808336347726981344337481956180694
74847577449942395496055773198929891245
97737536928090159807084875905823585851
125690630057933446765335914310730114024
137395471697343021743726394215493529452
68891920376735682321685267002641943543
52891815034754044151575007026745078677
16200231800558433413757691769471691751
53502548345731698313101401430485541478
20759006067329709564566607637313592519
175588493290576626630855985538662236624
77091418187727273517883383502251314384
7873962034558326101628559892263974409
175737375590433386228263421627679474287
161540997542764936393917118904039967036
84752559434372763833690052281324737770
79530532562811449937102960840288113679
87692808532998331543498560226894807911
175305001059627335189672413359588143976
60618538164461736861091310565335579727
162287790253310276820773676782761054959
21135545330039917229637682058672820106
27807444453677405020847383249366557475
69567326375929022867128297261346932794
136479065740769797991944830588897246394
128352822874979435152724139617205781574
49928127595105061502279225950994534320
134996462667559892109996898484455959980
80867174936248441717884461839832687860
145903457222371595712776734324683754854
115236539478990054228080999412114017761
116412415208135109566727612980748470712
165198979618493866612300103343440961648
103948946438333106694443513207388216964
149157621996581177123650372532582178793
170693360595844321839044947558698600117
36034291435264613435463180364682063298
9342384599270858362780398574201142696
51356444901723940919254900640971006689